VehicleName	TimeStamp	POS_X	POS_Y	POS_Z	Q_W	Q_X	Q_Y	Q_Z	ImageFile
Drone1	1770396920015	-167.739	-141.546	-13.598	-0.173675	0.306791	0.17051	-0.920132	img_Drone1__0_1770396920536600800.png
Drone1	1770396920048	-168.13	-141.566	-13.6635	-0.176022	0.309633	0.164456	-0.919836	img_Drone1__0_1770396920571013600.png
Drone1	1770396920090	-168.605	-141.585	-13.7555	-0.178804	0.312277	0.157072	-0.919696	img_Drone1__0_1770396920613123200.png
Drone1	1770396920138	-169.12	-141.598	-13.8717	-0.181764	0.314247	0.148997	-0.919788	img_Drone1__0_1770396920662228900.png
Drone1	1770396920195	-169.694	-141.606	-14.0233	-0.185054	0.315491	0.139802	-0.92015	img_Drone1__0_1770396920718395500.png
Drone1	1770396920246	-170.173	-141.606	-14.1703	-0.18785	0.31586	0.131846	-0.920631	img_Drone1__0_1770396920767857900.png
Drone1	1770396920294	-170.597	-141.601	-14.3176	-0.19039	0.315731	0.124525	-0.921173	img_Drone1__0_1770396920815462000.png
Drone1	1770396920339	-170.97	-141.592	-14.463	-0.192713	0.315292	0.117768	-0.921728	img_Drone1__0_1770396920863159300.png
Drone1	1770396920396	-171.41	-141.576	-14.6569	-0.1956	0.314403	0.109308	-0.922466	img_Drone1__0_1770396920918825300.png
Drone1	1770396920447	-171.774	-141.559	-14.8392	-0.198147	0.313368	0.101796	-0.923134	img_Drone1__0_1770396920969561900.png
Drone1	1770396920501	-172.13	-141.538	-15.041	-0.200817	0.312088	0.0938726	-0.92383	img_Drone1__0_1770396921023259600.png
Drone1	1770396920549	-172.42	-141.517	-15.2279	-0.203176	0.310827	0.0868383	-0.924427	img_Drone1__0_1770396921071679800.png
Drone1	1770396920600	-172.702	-141.494	-15.4343	-0.205671	0.309387	0.0793593	-0.92503	img_Drone1__0_1770396921122128500.png
Drone1	1770396920648	-172.946	-141.471	-15.6342	-0.208013	0.307957	0.0723069	-0.925562	img_Drone1__0_1770396921171320800.png
Drone1	1770396920699	-173.187	-141.447	-15.8433	-0.210486	0.306378	0.0648226	-0.926081	img_Drone1__0_1770396921222157800.png
Drone1	1770396920753	-173.429	-141.422	-16.0549	-0.213061	0.304671	0.0569883	-0.926571	img_Drone1__0_1770396921274993400.png
Drone1	1770396920804	-173.645	-141.399	-16.2438	-0.215425	0.303055	0.0497542	-0.926971	img_Drone1__0_1770396921326772200.png
Drone1	1770396920855	-173.851	-141.377	-16.4215	-0.2177	0.301347	0.042768	-0.927344	img_Drone1__0_1770396921376782400.png
Drone1	1770396920903	-174.034	-141.357	-16.5786	-0.219596	0.296579	0.0372159	-0.928673	img_Drone1__0_1770396921425093100.png
Drone1	1770396920951	-174.209	-141.338	-16.7255	-0.221213	0.288932	0.0327906	-0.930864	img_Drone1__0_1770396921474025500.png
Drone1	1770396921008	-174.406	-141.317	-16.8858	-0.222806	0.277182	0.0288084	-0.934183	img_Drone1__0_1770396921530917100.png
Drone1	1770396921056	-174.564	-141.3	-17.0086	-0.223909	0.265824	0.0263229	-0.937289	img_Drone1__0_1770396921580536700.png
Drone1	1770396921110	-174.733	-141.283	-17.1335	-0.224934	0.252089	0.0242544	-0.940886	img_Drone1__0_1770396921634486300.png
Drone1	1770396921158	-174.876	-141.268	-17.233	-0.225688	0.239438	0.0228972	-0.944039	img_Drone1__0_1770396921681627400.png
Drone1	1770396921212	-175.028	-141.253	-17.3326	-0.226395	0.225069	0.0217493	-0.947426	img_Drone1__0_1770396921731001400.png
Drone1	1770396921266	-175.173	-141.239	-17.4202	-0.226983	0.210836	0.0208656	-0.950574	img_Drone1__0_1770396921790034800.png
Drone1	1770396921314	-175.295	-141.227	-17.4889	-0.227425	0.198474	0.0202145	-0.953141	img_Drone1__0_1770396921838338500.png
Drone1	1770396921365	-175.417	-141.216	-17.5531	-0.227828	0.185761	0.0195972	-0.955617	img_Drone1__0_1770396921889410000.png
Drone1	1770396921413	-175.526	-141.206	-17.6063	-0.228156	0.17427	0.0190463	-0.957712	img_Drone1__0_1770396921935297600.png
Drone1	1770396921467	-175.641	-141.196	-17.6584	-0.228476	0.16195	0.01843	-0.959808	img_Drone1__0_1770396921990431800.png
Drone1	1770396921521	-175.749	-141.186	-17.7035	-0.228751	0.15031	0.0177976	-0.961646	img_Drone1__0_1770396922044053200.png
Drone1	1770396921572	-175.845	-141.178	-17.7403	-0.228977	0.139954	0.0171769	-0.963165	img_Drone1__0_1770396922097148600.png
Drone1	1770396921620	-175.929	-141.172	-17.7705	-0.229164	0.130771	0.0165702	-0.964421	img_Drone1__0_1770396922143509900.png
Drone1	1770396921671	-176.013	-141.165	-17.7983	-0.229339	0.121602	0.0159037	-0.96559	img_Drone1__0_1770396922194139700.png
Drone1	1770396921722	-176.091	-141.159	-17.8225	-0.229492	0.113021	0.0152193	-0.966606	img_Drone1__0_1770396922245868000.png
Drone1	1770396921773	-176.164	-141.153	-17.8433	-0.229626	0.105005	0.0145229	-0.967489	img_Drone1__0_1770396922295862900.png
Drone1	1770396921827	-176.237	-141.148	-17.8623	-0.229749	0.0971039	0.0137793	-0.968296	img_Drone1__0_1770396922350264600.png
Drone1	1770396921878	-176.3	-141.143	-17.8777	-0.22985	0.0901662	0.0130779	-0.968952	img_Drone1__0_1770396922400896100.png
Drone1	1770396921923	-176.352	-141.139	-17.8895	-0.229929	0.0844444	0.0124644	-0.969457	img_Drone1__0_1770396922447180300.png
Drone1	1770396921974	-176.408	-141.135	-17.9011	-0.230007	0.0783866	0.0117797	-0.969955	img_Drone1__0_1770396922498503500.png
Drone1	1770396922028	-176.462	-141.132	-17.9117	-0.230079	0.0724367	0.0110719	-0.970409	img_Drone1__0_1770396922551015300.png
Drone1	1770396922085	-176.515	-141.128	-17.9212	-0.230144	0.0666388	0.0103483	-0.970817	img_Drone1__0_1770396922609746400.png
Drone1	1770396922130	-176.554	-141.125	-17.9276	-0.230188	0.062388	0.00979681	-0.971095	img_Drone1__0_1770396922654882300.png
Drone1	1770396922178	-176.593	-141.123	-17.9336	-0.230229	0.0581503	0.00922945	-0.971354	img_Drone1__0_1770396922700559200.png
Drone1	1770396922226	-176.63	-141.12	-17.9388	-0.230265	0.0541991	0.00868489	-0.971579	img_Drone1__0_1770396922750174100.png
Drone1	1770396922283	-176.67	-141.117	-17.944	-0.230302	0.0498532	0.00806898	-0.971808	img_Drone1__0_1770396922805731200.png
Drone1	1770396922337	-176.705	-141.115	-17.9483	-0.230332	0.0460576	0.00751683	-0.971992	img_Drone1__0_1770396922861042200.png
Drone1	1770396922385	-176.734	-141.113	-17.9515	-0.230355	0.042927	0.00705177	-0.972134	img_Drone1__0_1770396922908475600.png
Drone1	1770396922439	-176.764	-141.111	-17.9546	-0.230377	0.0396589	0.00655722	-0.972271	img_Drone1__0_1770396922963308200.png
Drone1	1770396922487	-176.789	-141.11	-17.9569	-0.230394	0.0369636	0.00614265	-0.972376	img_Drone1__0_1770396923010768100.png
Drone1	1770396922535	-176.812	-141.108	-17.959	-0.230409	0.0344519	0.00575103	-0.972467	img_Drone1__0_1770396923058248900.png
Drone1	1770396922595	-176.839	-141.106	-17.9611	-0.230424	0.0315513	0.0052927	-0.972564	img_Drone1__0_1770396923113767700.png
