VehicleName	TimeStamp	POS_X	POS_Y	POS_Z	Q_W	Q_X	Q_Y	Q_Z	ImageFile
Drone1	1770224985888	135.118	193.949	-7.73394	0.88053	0	0	-0.473989	img_Drone1__0_1770224986816410400.png
Drone1	1770224985954	135.118	193.949	-7.86664	0.88053	0	0	-0.473989	img_Drone1__0_1770224986883893200.png
Drone1	1770224986008	135.118	193.949	-7.97517	0.88053	0	0	-0.473989	img_Drone1__0_1770224986937485600.png
Drone1	1770224986065	135.118	193.949	-8.08969	0.88053	0	0	-0.473989	img_Drone1__0_1770224986996729500.png
Drone1	1770224986122	135.118	193.949	-8.20415	0.88053	0	0	-0.473989	img_Drone1__0_1770224987052193300.png
Drone1	1770224986173	135.118	193.949	-8.30654	0.88053	0	0	-0.473989	img_Drone1__0_1770224987105203900.png
Drone1	1770224986227	135.118	193.949	-8.41491	0.88053	0	0	-0.473989	img_Drone1__0_1770224987158713300.png
Drone1	1770224986278	135.118	193.949	-8.51723	0.88053	0	0	-0.473989	img_Drone1__0_1770224987210163500.png
Drone1	1770224986332	135.118	193.949	-8.62554	0.88053	0	0	-0.473989	img_Drone1__0_1770224987264567700.png
Drone1	1770224986395	135.118	193.949	-8.75187	0.88053	0	0	-0.473989	img_Drone1__0_1770224987329389900.png
Drone1	1770224986458	135.118	193.949	-8.87815	0.88053	0	0	-0.473989	img_Drone1__0_1770224987392181300.png
Drone1	1770224986515	135.118	193.949	-8.99238	0.88053	0	0	-0.473989	img_Drone1__0_1770224987448018300.png
Drone1	1770224986575	135.118	193.949	-9.11259	0.88053	0	0	-0.473989	img_Drone1__0_1770224987507966700.png
Drone1	1770224986629	135.118	193.949	-9.22076	0.88053	0	0	-0.473989	img_Drone1__0_1770224987563464300.png
Drone1	1770224986689	135.118	193.949	-9.34091	0.88053	0	0	-0.473989	img_Drone1__0_1770224987623713200.png
Drone1	1770224986749	135.118	193.949	-9.46105	0.88053	0	0	-0.473989	img_Drone1__0_1770224987683277300.png
Drone1	1770224986812	135.118	193.949	-9.58544	0.88053	0	0	-0.473989	img_Drone1__0_1770224987746105700.png
Drone1	1770224986872	135.118	193.949	-9.69271	0.88053	0	0	-0.473989	img_Drone1__0_1770224987809770900.png
Drone1	1770224986929	135.118	193.949	-9.76829	0.88053	0	0	-0.473989	img_Drone1__0_1770224987864444100.png
Drone1	1770224986980	135.118	193.949	-9.82608	0.88053	0	0	-0.473989	img_Drone1__0_1770224987916571200.png
Drone1	1770224987037	135.118	193.949	-9.87532	0.88053	0	0	-0.473989	img_Drone1__0_1770224987971850800.png
Drone1	1770224987091	135.118	193.949	-9.90719	0.88053	0	0	-0.473989	img_Drone1__0_1770224988027758900.png
Drone1	1770224987148	135.118	193.949	-9.92539	0.88053	0	0	-0.473989	img_Drone1__0_1770224988083945600.png
Drone1	1770224987202	135.118	193.949	-9.92806	0.88053	0	0	-0.473989	img_Drone1__0_1770224988138615400.png
Drone1	1770224987256	135.118	193.949	-9.91814	0.88027	-0.011537	-0.0214321	-0.473849	img_Drone1__0_1770224988193356800.png
Drone1	1770224987313	135.119	193.947	-9.91442	0.876193	-0.0469916	-0.0872962	-0.471654	img_Drone1__0_1770224988250351100.png
Drone1	1770224987367	135.126	193.938	-9.92716	0.869607	-0.0744295	-0.138268	-0.468109	img_Drone1__0_1770224988304532400.png
Drone1	1770224987427	135.142	193.914	-9.95924	0.862906	-0.0943607	-0.175294	-0.464502	img_Drone1__0_1770224988364068800.png
Drone1	1770224987487	135.17	193.871	-10.0092	0.857577	-0.107519	-0.199738	-0.461634	img_Drone1__0_1770224988417261100.png
Drone1	1770224987541	135.207	193.815	-10.0681	0.853852	-0.116452	-0.214108	-0.459928	img_Drone1__0_1770224988477073800.png
Drone1	1770224987601	135.259	193.733	-10.1412	0.839833	-0.185529	-0.190803	-0.473131	img_Drone1__0_1770224988538306100.png
Drone1	1770224987652	135.31	193.644	-10.2108	0.825419	-0.239838	-0.16812	-0.482594	img_Drone1__0_1770224988590073100.png
Drone1	1770224987700	135.36	193.541	-10.2824	0.814166	-0.275189	-0.152943	-0.487866	img_Drone1__0_1770224988638178800.png
Drone1	1770224987757	135.419	193.391	-10.3746	0.803632	-0.304601	-0.140022	-0.491719	img_Drone1__0_1770224988693329500.png
Drone1	1770224987808	135.468	193.232	-10.4622	0.796634	-0.322614	-0.132039	-0.493821	img_Drone1__0_1770224988744383100.png
Drone1	1770224987853	135.509	193.07	-10.5426	0.791994	-0.333991	-0.126993	-0.495044	img_Drone1__0_1770224988792002900.png
Drone1	1770224987907	135.552	192.851	-10.6417	0.787907	-0.343672	-0.122727	-0.496014	img_Drone1__0_1770224988843653900.png
Drone1	1770224987958	135.587	192.62	-10.737	0.785159	-0.350014	-0.119965	-0.496613	img_Drone1__0_1770224988896557200.png
Drone1	1770224988012	135.618	192.348	-10.8386	0.783099	-0.354679	-0.117963	-0.497034	img_Drone1__0_1770224988950672800.png
Drone1	1770224988063	135.642	192.068	-10.9342	0.781729	-0.35774	-0.116673	-0.497302	img_Drone1__0_1770224988999558100.png
Drone1	1770224988111	135.658	191.783	-11.0231	0.780806	-0.359782	-0.115828	-0.497477	img_Drone1__0_1770224989049708900.png
Drone1	1770224988171	135.672	191.4	-11.1317	0.780002	-0.361543	-0.115116	-0.497626	img_Drone1__0_1770224989102134700.png
Drone1	1770224988219	135.677	191.072	-11.2155	0.780452	-0.36058	-0.115964	-0.497423	img_Drone1__0_1770224989156257600.png
Drone1	1770224988270	135.678	190.709	-11.2967	0.802608	-0.308118	-0.148827	-0.488605	img_Drone1__0_1770224989207637100.png
Drone1	1770224988318	135.678	190.351	-11.369	0.819407	-0.260133	-0.177572	-0.478927	img_Drone1__0_1770224989255233800.png
Drone1	1770224988366	135.678	189.977	-11.4404	0.833409	-0.210958	-0.205817	-0.467509	img_Drone1__0_1770224989304489000.png
Drone1	1770224988414	135.683	189.588	-11.5126	0.844532	-0.160677	-0.233502	-0.45434	img_Drone1__0_1770224989352545200.png
Drone1	1770224988468	135.696	189.134	-11.5964	0.853435	-0.103332	-0.263671	-0.43755	img_Drone1__0_1770224989404917100.png
Drone1	1770224988522	135.724	188.665	-11.6841	0.858449	-0.0455311	-0.292616	-0.41877	img_Drone1__0_1770224989458093100.png
Drone1	1770224988579	135.772	188.157	-11.7809	0.85963	0.00530285	-0.316886	-0.40074	img_Drone1__0_1770224989517286700.png
Drone1	1770224988633	135.841	187.666	-11.8762	0.858785	0.0383026	-0.332053	-0.388282	img_Drone1__0_1770224989570409200.png
Drone1	1770224988690	135.939	187.14	-11.9802	0.857376	0.0622399	-0.342765	-0.378873	img_Drone1__0_1770224989629658000.png
Drone1	1770224988744	136.059	186.637	-12.0815	0.856095	0.0778503	-0.349619	-0.372568	img_Drone1__0_1770224989682487800.png
Drone1	1770224988801	136.215	186.101	-12.1904	0.854982	0.0892136	-0.354543	-0.367894	img_Drone1__0_1770224989739648100.png
Drone1	1770224988861	136.412	185.533	-12.3063	0.854095	0.0973059	-0.358016	-0.364523	img_Drone1__0_1770224989792488800.png
Drone1	1770224988912	136.605	185.047	-12.405	0.85354	0.102044	-0.360037	-0.362532	img_Drone1__0_1770224989848941400.png
Drone1	1770224988969	136.848	184.503	-12.5146	0.853088	0.10574	-0.361607	-0.36097	img_Drone1__0_1770224989907158900.png
Drone1	1770224989023	137.105	183.985	-12.6168	0.852784	0.108156	-0.362631	-0.359946	img_Drone1__0_1770224989960379000.png
Drone1	1770224989083	137.419	183.407	-12.7276	0.852548	0.109994	-0.363408	-0.359164	img_Drone1__0_1770224990020264700.png
Drone1	1770224989137	137.727	182.886	-12.8239	0.8524	0.111123	-0.363884	-0.358683	img_Drone1__0_1770224990075522900.png
Drone1	1770224989197	138.097	182.306	-12.9261	0.852287	0.111981	-0.364247	-0.358317	img_Drone1__0_1770224990135661900.png
Drone1	1770224989251	138.454	181.783	-13.0131	0.852217	0.112509	-0.36447	-0.358092	img_Drone1__0_1770224990188297800.png
Drone1	1770224989305	138.831	181.259	-13.0944	0.852168	0.112877	-0.364625	-0.357935	img_Drone1__0_1770224990243209600.png
Drone1	1770224989356	139.207	180.763	-13.1655	0.852135	0.113122	-0.364728	-0.357831	img_Drone1__0_1770224990295673000.png
Drone1	1770224989407	139.601	180.267	-13.2306	0.852112	0.113296	-0.364802	-0.357756	img_Drone1__0_1770224990346524200.png
Drone1	1770224989464	140.062	179.712	-13.2956	0.852093	0.113432	-0.364859	-0.357698	img_Drone1__0_1770224990402022600.png
Drone1	1770224989521	140.544	179.156	-13.3517	0.852081	0.113525	-0.364898	-0.357658	img_Drone1__0_1770224990460030100.png
Drone1	1770224989572	140.992	178.659	-13.3941	0.852073	0.113582	-0.364923	-0.357634	img_Drone1__0_1770224990511656600.png
Drone1	1770224989626	141.484	178.132	-13.4304	0.852067	0.113626	-0.364941	-0.357615	img_Drone1__0_1770224990564592000.png
Drone1	1770224989674	141.936	177.664	-13.455	0.852064	0.113653	-0.364953	-0.357603	img_Drone1__0_1770224990614853700.png
Drone1	1770224989725	142.43	177.167	-13.4729	0.852061	0.113674	-0.364962	-0.357594	img_Drone1__0_1770224990665460900.png
Drone1	1770224989779	142.969	176.64	-13.4823	0.852059	0.113689	-0.364968	-0.357588	img_Drone1__0_1770224990718052700.png
Drone1	1770224989827	143.461	176.172	-13.4823	0.852057	0.113699	-0.364972	-0.357584	img_Drone1__0_1770224990768021600.png
Drone1	1770224989905	144.288	175.411	-13.4649	0.852056	0.11371	-0.364977	-0.357579	img_Drone1__0_1770224990819796000.png
Drone1	1770224989962	144.912	174.856	-13.438	0.852413	0.110999	-0.363838	-0.358739	img_Drone1__0_1770224990901869300.png
Drone1	1770224990016	145.506	174.332	-13.389	0.858206	0.0491099	-0.336963	-0.384093	img_Drone1__0_1770224990955177700.png
Drone1	1770224990067	146.034	173.838	-13.32	0.859583	-0.00678011	-0.311283	-0.405185	img_Drone1__0_1770224991005392700.png
Drone1	1770224990118	146.638	173.34	-13.245	0.857416	-0.0613731	-0.284914	-0.424141	img_Drone1__0_1770224991057298100.png
Drone1	1770224990169	147.219	172.836	-13.1667	0.851784	-0.115725	-0.257391	-0.441386	img_Drone1__0_1770224991108142400.png
Drone1	1770224990217	147.773	172.352	-13.0917	0.843324	-0.166533	-0.230492	-0.45601	img_Drone1__0_1770224991158474300.png
Drone1	1770224990265	148.331	171.859	-13.0166	0.831823	-0.216794	-0.202738	-0.469008	img_Drone1__0_1770224991205557300.png
Drone1	1770224990316	148.927	171.32	-12.9371	0.819067	-0.260879	-0.177419	-0.47916	img_Drone1__0_1770224991257714400.png
Drone1	1770224990367	149.521	170.766	-12.8583	0.808657	-0.291552	-0.15924	-0.485504	img_Drone1__0_1770224991307626500.png
Drone1	1770224990415	150.078	170.228	-12.7848	0.801008	-0.311954	-0.146884	-0.489384	img_Drone1__0_1770224991355017900.png
Drone1	1770224990463	150.632	169.673	-12.7121	0.795143	-0.326614	-0.137871	-0.491999	img_Drone1__0_1770224991404015700.png
Drone1	1770224990526	151.35	168.92	-12.6172	0.78957	-0.339865	-0.129624	-0.494236	img_Drone1__0_1770224991467459900.png
Drone1	1770224990580	151.959	168.251	-12.5357	0.786242	-0.347495	-0.124832	-0.495467	img_Drone1__0_1770224991521449200.png
Drone1	1770224990628	152.493	167.639	-12.4626	0.7841	-0.352301	-0.121797	-0.496222	img_Drone1__0_1770224991570162200.png
Drone1	1770224990679	153.053	166.971	-12.3837	0.782444	-0.355965	-0.119475	-0.496787	img_Drone1__0_1770224991621015800.png
Drone1	1770224990730	153.607	166.285	-12.3028	0.781254	-0.358568	-0.11782	-0.497182	img_Drone1__0_1770224991670257400.png
Drone1	1770224990784	154.184	165.539	-12.2146	0.78036	-0.36051	-0.116583	-0.497473	img_Drone1__0_1770224991723658400.png
Drone1	1770224990835	154.722	164.818	-12.1281	0.779763	-0.3618	-0.11576	-0.497665	img_Drone1__0_1770224991775792000.png
Drone1	1770224990883	155.222	164.125	-12.0434	0.779357	-0.362672	-0.115203	-0.497795	img_Drone1__0_1770224991822298300.png
Drone1	1770224990940	155.807	163.284	-11.9381	0.779017	-0.363403	-0.114736	-0.497902	img_Drone1__0_1770224991879476900.png
Drone1	1770224990991	156.322	162.516	-11.839	0.778804	-0.363858	-0.114445	-0.497969	img_Drone1__0_1770224991930258600.png
Drone1	1770224991039	156.801	161.78	-11.7412	0.77866	-0.364166	-0.114248	-0.498015	img_Drone1__0_1770224991979828600.png
Drone1	1770224991087	157.273	161.031	-11.6385	0.778556	-0.36439	-0.114105	-0.498047	img_Drone1__0_1770224992027813900.png
Drone1	1770224991141	157.798	160.175	-11.5167	0.778472	-0.364569	-0.11399	-0.498074	img_Drone1__0_1770224992083128700.png
Drone1	1770224991195	158.314	159.305	-11.3881	0.778413	-0.364695	-0.11391	-0.498092	img_Drone1__0_1770224992134681800.png
Drone1	1770224991243	158.767	158.519	-11.2675	0.778376	-0.364774	-0.11386	-0.498104	img_Drone1__0_1770224992183167500.png
Drone1	1770224991294	159.242	157.677	-11.1291	0.793999	-0.329386	-0.136153	-0.492477	img_Drone1__0_1770224992235994200.png
Drone1	1770224991348	159.743	156.79	-10.9559	0.813744	-0.277038	-0.167901	-0.482577	img_Drone1__0_1770224992287994200.png
Drone1	1770224991396	160.186	155.997	-10.7917	0.828796	-0.228093	-0.196337	-0.471723	img_Drone1__0_1770224992337096000.png
Drone1	1770224991453	160.712	155.045	-10.5918	0.84298	-0.168269	-0.229553	-0.456482	img_Drone1__0_1770224992394894700.png
Drone1	1770224991504	161.185	154.185	-10.4097	0.851997	-0.11415	-0.258206	-0.440909	img_Drone1__0_1770224992446588200.png
Drone1	1770224991555	161.664	153.318	-10.2256	0.857541	-0.0596102	-0.285785	-0.423554	img_Drone1__0_1770224992497807500.png
Drone1	1770224991612	162.209	152.344	-10.0181	0.859599	-0.00443499	-0.312387	-0.404333	img_Drone1__0_1770224992547543600.png
Drone1	1770224991654	162.62	151.624	-9.86394	0.859259	0.0245618	-0.325847	-0.393566	img_Drone1__0_1770224992595973800.png
Drone1	1770224991705	163.131	150.748	-9.67582	0.858138	0.0502899	-0.337491	-0.383629	img_Drone1__0_1770224992646073000.png
Drone1	1770224991753	163.624	149.923	-9.49793	0.85694	0.0676986	-0.345208	-0.376699	img_Drone1__0_1770224992695322600.png
Drone1	1770224991804	164.164	149.047	-9.30727	0.858716	0.0842348	-0.343771	-0.370584	img_Drone1__0_1770224992745061700.png
Drone1	1770224991870	164.88	147.917	-9.05542	0.883144	0.130681	-0.275931	-0.356147	img_Drone1__0_1770224992810414800.png
Drone1	1770224991921	165.455	147.05	-8.86833	0.897295	0.164062	-0.223033	-0.343805	img_Drone1__0_1770224992861847900.png
Drone1	1770224991969	166.005	146.243	-8.69369	0.90944	0.181622	-0.167724	-0.334366	img_Drone1__0_1770224992909414900.png
Drone1	1770224992017	166.563	145.445	-8.52062	0.914844	0.215249	-0.117923	-0.320658	img_Drone1__0_1770224992957272400.png
Drone1	1770224992065	167.125	144.659	-8.34676	0.917828	0.243719	-0.0661184	-0.306302	img_Drone1__0_1770224993006640200.png
Drone1	1770224992110	167.66	143.942	-8.20031	0.920097	0.260538	-0.014404	-0.29212	img_Drone1__0_1770224993052631300.png
Drone1	1770224992170	168.378	143.021	-8.03209	0.934524	0.216202	0.0738026	-0.272899	img_Drone1__0_1770224993110880100.png
Drone1	1770224992215	168.913	142.358	-7.9319	0.941819	0.172948	0.128206	-0.258128	img_Drone1__0_1770224993155978600.png
Drone1	1770224992275	169.611	141.507	-7.83843	0.945653	0.121123	0.181809	-0.240862	img_Drone1__0_1770224993215802200.png
Drone1	1770224992317	170.084	140.93	-7.79626	0.943102	0.1177	0.202656	-0.235874	img_Drone1__0_1770224993259083600.png
Drone1	1770224992371	170.67	140.21	-7.76896	0.940009	0.117487	0.220985	-0.231833	img_Drone1__0_1770224993313109800.png
Drone1	1770224992428	171.26	139.474	-7.77019	0.937998	0.113904	0.235046	-0.227901	img_Drone1__0_1770224993370692400.png
Drone1	1770224992476	171.734	138.874	-7.79371	0.937164	0.108281	0.244125	-0.224505	img_Drone1__0_1770224993417441400.png
Drone1	1770224992524	172.185	138.291	-7.83644	0.936125	0.1077	0.249828	-0.222836	img_Drone1__0_1770224993464346100.png
Drone1	1770224992566	172.562	137.794	-7.88847	0.935117	0.110165	0.252827	-0.222481	img_Drone1__0_1770224993509162500.png
Drone1	1770224992623	173.048	137.141	-7.97922	0.934561	0.10891	0.256625	-0.221085	img_Drone1__0_1770224993563448400.png
Drone1	1770224992665	173.386	136.673	-8.05981	0.934474	0.106469	0.259045	-0.219813	img_Drone1__0_1770224993608112900.png
Drone1	1770224992725	173.843	136.025	-8.19342	0.934176	0.105845	0.261072	-0.218984	img_Drone1__0_1770224993665793700.png
Drone1	1770224992782	174.248	135.431	-8.33893	0.93397	0.105621	0.262334	-0.218463	img_Drone1__0_1770224993723296600.png
Drone1	1770224992824	174.528	135.007	-8.45691	0.933796	0.106101	0.262862	-0.218336	img_Drone1__0_1770224993764861300.png
Drone1	1770224992878	174.867	134.476	-8.62121	0.933786	0.105236	0.263666	-0.217829	img_Drone1__0_1770224993819780400.png
Drone1	1770224992932	175.182	133.963	-8.79893	0.933813	0.104354	0.264292	-0.217377	img_Drone1__0_1770224993873533100.png
Drone1	1770224992977	175.427	133.548	-8.95664	0.933748	0.104571	0.264496	-0.217306	img_Drone1__0_1770224993918726400.png
Drone1	1770224993037	175.728	133.013	-9.17955	0.933723	0.104469	0.26476	-0.21714	img_Drone1__0_1770224993978718900.png
Drone1	1770224993079	175.923	132.65	-9.34362	0.933864	0.103054	0.265209	-0.216663	img_Drone1__0_1770224994020176300.png
Drone1	1770224993133	176.153	132.197	-9.56375	0.933964	0.102012	0.265565	-0.216289	img_Drone1__0_1770224994075484700.png
Drone1	1770224993178	176.329	131.832	-9.75471	0.933797	0.103463	0.265297	-0.216649	img_Drone1__0_1770224994119398700.png
Drone1	1770224993235	176.529	131.384	-10.0061	0.933775	0.10361	0.265326	-0.216638	img_Drone1__0_1770224994178002900.png
Drone1	1770224993280	176.671	131.042	-10.2118	0.934055	0.101029	0.26596	-0.21587	img_Drone1__0_1770224994223531300.png
Drone1	1770224993343	176.844	130.582	-10.5106	0.934161	0.100025	0.266228	-0.215547	img_Drone1__0_1770224994285514600.png
Drone1	1770224993388	176.951	130.265	-10.7314	0.934023	0.101307	0.26595	-0.215891	img_Drone1__0_1770224994330461900.png
Drone1	1770224993436	177.048	129.938	-10.9737	0.933915	0.102296	0.265735	-0.216154	img_Drone1__0_1770224994383710200.png
Drone1	1770224993496	177.147	129.545	-11.2859	0.934066	0.100915	0.266068	-0.215743	img_Drone1__0_1770224994443329700.png
Drone1	1770224993538	177.202	129.281	-11.5103	0.934326	0.0984838	0.266635	-0.215039	img_Drone1__0_1770224994485529700.png
Drone1	1770224993595	177.256	128.935	-11.8222	0.934199	0.0996857	0.266365	-0.21537	img_Drone1__0_1770224994542053200.png
Drone1	1770224993637	177.282	128.69	-12.057	0.93412	0.100427	0.266198	-0.215574	img_Drone1__0_1770224994583524300.png
Drone1	1770224993691	177.298	128.388	-12.3647	0.934403	0.0977697	0.266813	-0.214809	img_Drone1__0_1770224994638675100.png
Drone1	1770224993742	177.296	128.114	-12.6609	0.934458	0.0972495	0.266935	-0.214654	img_Drone1__0_1770224994689127200.png
Drone1	1770224993796	177.275	127.836	-12.9796	0.934266	0.0990843	0.266515	-0.215173	img_Drone1__0_1770224994741290700.png
Drone1	1770224993850	177.236	127.571	-13.303	0.934222	0.0995039	0.26642	-0.215289	img_Drone1__0_1770224994794858600.png
Drone1	1770224993892	177.193	127.373	-13.5574	0.934589	0.0960001	0.267226	-0.214286	img_Drone1__0_1770224994838907100.png
Drone1	1770224993949	177.118	127.117	-13.9059	0.934607	0.0958253	0.267267	-0.214233	img_Drone1__0_1770224994893984000.png
Drone1	1770224994003	177.03	126.886	-14.239	0.934446	0.097383	0.266911	-0.214676	img_Drone1__0_1770224994948990600.png
Drone1	1770224994042	176.955	126.726	-14.481	0.934522	0.0966525	0.267079	-0.214466	img_Drone1__0_1770224994987341500.png
Drone1	1770224994099	176.831	126.503	-14.8361	0.934698	0.0949392	0.267472	-0.213974	img_Drone1__0_1770224995045309600.png
Drone1	1770224994147	176.712	126.325	-15.1359	0.934653	0.0953832	0.267371	-0.2141	img_Drone1__0_1770224995094990300.png
Drone1	1770224994204	176.555	126.124	-15.4925	0.934553	0.0963593	0.267147	-0.214378	img_Drone1__0_1770224995152087400.png
Drone1	1770224994264	176.371	125.925	-15.8675	0.934549	0.0963967	0.267139	-0.214388	img_Drone1__0_1770224995210815500.png
Drone1	1770224994306	176.231	125.793	-16.1294	0.934792	0.0940154	0.267684	-0.213706	img_Drone1__0_1770224995253081400.png
Drone1	1770224994360	176.038	125.632	-16.4649	0.93486	0.0933325	0.26784	-0.21351	img_Drone1__0_1770224995305257800.png
Drone1	1770224994411	175.843	125.489	-16.7801	0.934736	0.0945696	0.267557	-0.213864	img_Drone1__0_1770224995356642100.png
Drone1	1770224994465	175.622	125.347	-17.1112	0.935047	0.097499	0.264417	-0.215091	img_Drone1__0_1770224995411824600.png
Drone1	1770224994501	175.471	125.256	-17.3242	0.93977	0.130211	0.216317	-0.230398	img_Drone1__0_1770224995448539000.png
Drone1	1770224994555	175.242	125.12	-17.6225	0.942633	0.171923	0.13798	-0.250694	img_Drone1__0_1770224995500616000.png
Drone1	1770224994609	175.014	124.986	-17.8977	0.941381	0.197119	0.0621392	-0.266616	img_Drone1__0_1770224995554987700.png
Drone1	1770224994663	174.785	124.858	-18.1525	0.936719	0.209975	-0.0107395	-0.279914	img_Drone1__0_1770224995609178600.png
Drone1	1770224994711	174.583	124.747	-18.3636	0.929947	0.213219	-0.0732764	-0.290459	img_Drone1__0_1770224995657101500.png
Drone1	1770224994759	174.387	124.643	-18.5663	0.92074	0.210128	-0.133792	-0.300307	img_Drone1__0_1770224995704930800.png
Drone1	1770224994807	174.202	124.548	-18.7743	0.914982	0.174153	-0.182871	-0.314701	img_Drone1__0_1770224995754426900.png
Drone1	1770224994867	173.989	124.439	-19.0381	0.913364	0.0854909	-0.212213	-0.336785	img_Drone1__0_1770224995813179200.png
Drone1	1770224994915	173.835	124.352	-19.2559	0.909382	0.0184767	-0.221092	-0.351854	img_Drone1__0_1770224995862566100.png
Drone1	1770224994963	173.695	124.262	-19.4806	0.903406	-0.0386212	-0.223615	-0.363817	img_Drone1__0_1770224995910329900.png
Drone1	1770224995014	173.559	124.16	-19.7231	0.898221	-0.0601548	-0.234055	-0.36715	img_Drone1__0_1770224995960184200.png
Drone1	1770224995062	173.443	124.055	-19.955	0.894909	-0.0675058	-0.243935	-0.367528	img_Drone1__0_1770224996010654900.png
Drone1	1770224995110	173.338	123.942	-20.1899	0.892612	-0.0705439	-0.251923	-0.367155	img_Drone1__0_1770224996057940300.png
Drone1	1770224995170	173.223	123.788	-20.487	0.890344	-0.0756488	-0.257832	-0.367542	img_Drone1__0_1770224996116802600.png
Drone1	1770224995218	173.144	123.654	-20.7271	0.888808	-0.0811537	-0.25998	-0.368572	img_Drone1__0_1770224996165843600.png
Drone1	1770224995269	173.074	123.501	-20.9841	0.887735	-0.0839021	-0.262198	-0.368971	img_Drone1__0_1770224996216394100.png
Drone1	1770224995314	173.022	123.358	-21.2124	0.887313	-0.0827432	-0.264817	-0.368377	img_Drone1__0_1770224996261095900.png
Drone1	1770224995374	172.97	123.153	-21.5186	0.886692	-0.083942	-0.266321	-0.368516	img_Drone1__0_1770224996317683400.png
Drone1	1770224995413	172.945	123.012	-21.7184	0.8862	-0.0865496	-0.266163	-0.369209	img_Drone1__0_1770224996361388600.png
Drone1	1770224995473	172.923	122.783	-22.0266	0.885838	-0.0874615	-0.266808	-0.369398	img_Drone1__0_1770224996421830900.png
Drone1	1770224995518	172.917	122.601	-22.258	0.885755	-0.0868095	-0.267618	-0.369165	img_Drone1__0_1770224996467923000.png
Drone1	1770224995572	172.923	122.372	-22.5357	0.885616	-0.0868988	-0.268045	-0.369168	img_Drone1__0_1770224996522792300.png
Drone1	1770224995629	172.944	122.118	-22.8281	0.885433	-0.0877562	-0.268025	-0.369418	img_Drone1__0_1770224996580522900.png
Drone1	1770224995677	172.974	121.895	-23.0732	0.885249	-0.0890019	-0.267704	-0.369795	img_Drone1__0_1770224996628179100.png
Drone1	1770224995725	173.013	121.662	-23.3168	0.885251	-0.088525	-0.268048	-0.369654	img_Drone1__0_1770224996676514300.png
Drone1	1770224995782	173.074	121.375	-23.6035	0.885238	-0.0882629	-0.268278	-0.369582	img_Drone1__0_1770224996732257000.png
Drone1	1770224995833	173.14	121.108	-23.8572	0.885164	-0.088742	-0.268154	-0.369734	img_Drone1__0_1770224996782614800.png
Drone1	1770224995881	173.212	120.848	-24.0932	0.885015	-0.0900363	-0.267664	-0.370133	img_Drone1__0_1770224996830044100.png
Drone1	1770224995935	173.305	120.546	-24.355	0.885002	-0.0900051	-0.267717	-0.370131	img_Drone1__0_1770224996886640300.png
Drone1	1770224995983	173.397	120.269	-24.5841	0.885081	-0.0891214	-0.268113	-0.36987	img_Drone1__0_1770224996934441600.png
Drone1	1770224996031	173.499	119.984	-24.8095	0.885005	-0.0897995	-0.267848	-0.370081	img_Drone1__0_1770224996980365100.png
Drone1	1770224996088	173.631	119.635	-25.0721	0.884914	-0.0906199	-0.267521	-0.370336	img_Drone1__0_1770224997039150600.png
Drone1	1770224996142	173.768	119.295	-25.3156	0.884868	-0.0910115	-0.267367	-0.370459	img_Drone1__0_1770224997090891200.png
Drone1	1770224996190	173.899	118.985	-25.5273	0.884947	-0.0902035	-0.267712	-0.370218	img_Drone1__0_1770224997140773600.png
Drone1	1770224996241	174.048	118.647	-25.7473	0.884952	-0.0901325	-0.267747	-0.3702	img_Drone1__0_1770224997190665500.png
Drone1	1770224996289	174.197	118.321	-25.9495	0.884834	-0.0912595	-0.267279	-0.370544	img_Drone1__0_1770224997239642800.png
Drone1	1770224996340	174.365	117.967	-26.1591	0.884798	-0.0915897	-0.267143	-0.370646	img_Drone1__0_1770224997290969900.png
Drone1	1770224996388	174.531	117.626	-26.3512	0.884875	-0.0908295	-0.267463	-0.370418	img_Drone1__0_1770224997339577900.png
Drone1	1770224996439	174.717	117.256	-26.5499	0.884864	-0.0909252	-0.267424	-0.370449	img_Drone1__0_1770224997390943900.png
Drone1	1770224996490	174.912	116.878	-26.7426	0.884768	-0.0918465	-0.26704	-0.370729	img_Drone1__0_1770224997439326800.png
Drone1	1770224996550	175.154	116.423	-26.9618	0.884725	-0.0922547	-0.266869	-0.370853	img_Drone1__0_1770224997501445900.png
Drone1	1770224996601	175.369	116.028	-27.1416	0.884731	-0.0921839	-0.2669	-0.370833	img_Drone1__0_1770224997551579000.png
Drone1	1770224996652	175.593	115.625	-27.3152	0.884785	-0.0916627	-0.267118	-0.370676	img_Drone1__0_1770224997603940000.png
Drone1	1770224996706	175.84	115.19	-27.4923	0.884768	-0.0918288	-0.267049	-0.370727	img_Drone1__0_1770224997656477400.png
Drone1	1770224996745	176.025	114.87	-27.6159	0.884659	-0.0928695	-0.266613	-0.371041	img_Drone1__0_1770224997696706400.png
Drone1	1770224996802	176.303	114.395	-27.7898	0.884661	-0.0928433	-0.266624	-0.371034	img_Drone1__0_1770224997751202000.png
Drone1	1770224996853	176.562	113.962	-27.9388	0.884711	-0.092365	-0.266825	-0.37089	img_Drone1__0_1770224997804213500.png
Drone1	1770224996907	176.846	113.495	-28.0895	0.884702	-0.0924495	-0.266789	-0.370916	img_Drone1__0_1770224997857872400.png
Drone1	1770224996955	177.106	113.073	-28.2175	0.884616	-0.0932661	-0.266447	-0.371162	img_Drone1__0_1770224997906542500.png
Drone1	1770224997006	177.39	112.617	-28.3473	0.884586	-0.0935575	-0.266325	-0.37125	img_Drone1__0_1770224997957847200.png
Drone1	1770224997057	177.683	112.154	-28.4706	0.884628	-0.0931616	-0.266491	-0.37113	img_Drone1__0_1770224998008963400.png
Drone1	1770224997111	178.003	111.656	-28.5941	0.884639	-0.0930501	-0.266538	-0.371097	img_Drone1__0_1770224998060943300.png
Drone1	1770224997165	178.331	111.149	-28.7104	0.884597	-0.0934531	-0.266369	-0.371218	img_Drone1__0_1770224998117344700.png
Drone1	1770224997210	178.612	110.721	-28.8017	0.884521	-0.0941624	-0.266071	-0.371432	img_Drone1__0_1770224998161108600.png
Drone1	1770224997264	178.957	110.2	-28.9047	0.884532	-0.0940596	-0.266114	-0.371401	img_Drone1__0_1770224998213868500.png
Drone1	1770224997318	179.312	109.671	-29.0005	0.884561	-0.0937858	-0.266229	-0.371318	img_Drone1__0_1770224998270328400.png
Drone1	1770224997363	179.614	109.224	-29.0748	0.884533	-0.0940552	-0.266116	-0.371399	img_Drone1__0_1770224998313939600.png
Drone1	1770224997417	179.985	108.68	-29.1573	0.884474	-0.0946082	-0.265884	-0.371566	img_Drone1__0_1770224998367350600.png
Drone1	1770224997471	180.365	108.129	-29.2327	0.884452	-0.0948173	-0.265796	-0.371629	img_Drone1__0_1770224998423059600.png
Drone1	1770224997513	180.666	107.694	-29.2864	0.884511	-0.0942621	-0.266029	-0.371462	img_Drone1__0_1770224998465220400.png
Drone1	1770224997573	181.106	107.066	-29.3556	0.884496	-0.094402	-0.26597	-0.371504	img_Drone1__0_1770224998519520600.png
Drone1	1770224997621	181.466	106.557	-29.4046	0.884433	-0.0949923	-0.265722	-0.371681	img_Drone1__0_1770224998572153400.png
Drone1	1770224997678	181.902	105.944	-29.4556	0.884394	-0.0953499	-0.265572	-0.371789	img_Drone1__0_1770224998630191300.png
Drone1	1770224997723	182.253	105.454	-29.4903	0.884419	-0.0951207	-0.265669	-0.37172	img_Drone1__0_1770224998674067700.png
Drone1	1770224997780	182.705	104.826	-29.5273	0.884429	-0.0950219	-0.26571	-0.37169	img_Drone1__0_1770224998731627900.png
Drone1	1770224997819	183.021	104.392	-29.5481	0.884376	-0.0955164	-0.265502	-0.371839	img_Drone1__0_1770224998771444500.png
Drone1	1770224997882	183.539	103.683	-29.5741	0.88435	-0.0957563	-0.265401	-0.371911	img_Drone1__0_1770224998834400900.png
Drone1	1770224997924	183.891	103.204	-29.5863	0.884356	-0.0957043	-0.265423	-0.371895	img_Drone1__0_1770224998875275300.png
Drone1	1770224997981	184.376	102.548	-29.5961	0.884368	-0.0955905	-0.265471	-0.371861	img_Drone1__0_1770224998932971900.png
Drone1	1770224998032	184.818	101.954	-29.5985	0.88436	-0.0956644	-0.26544	-0.371883	img_Drone1__0_1770224998984690100.png
Drone1	1770224998080	185.241	101.389	-29.5953	0.884297	-0.0962437	-0.265196	-0.372057	img_Drone1__0_1770224999030594600.png
Drone1	1770224998137	185.75	100.711	-29.5846	0.884272	-0.0964748	-0.265099	-0.372126	img_Drone1__0_1770224999089750200.png
Drone1	1770224998179	186.132	100.206	-29.5719	0.884316	-0.0960706	-0.265269	-0.372005	img_Drone1__0_1770224999131066300.png
Drone1	1770224998239	186.684	99.4786	-29.5451	0.881355	-0.120242	-0.254987	-0.379127	img_Drone1__0_1770224999190351400.png
Drone1	1770224998281	187.073	98.9659	-29.5172	0.873414	-0.168502	-0.233763	-0.392569	img_Drone1__0_1770224999232274600.png
Drone1	1770224998341	187.634	98.2246	-29.4679	0.859078	-0.230715	-0.205003	-0.408325	img_Drone1__0_1770224999292370200.png
Drone1	1770224998383	188.028	97.6982	-29.4273	0.850202	-0.261535	-0.19015	-0.41545	img_Drone1__0_1770224999335834800.png
Drone1	1770224998443	188.591	96.9336	-29.3605	0.839999	-0.292652	-0.174729	-0.422168	img_Drone1__0_1770224999394849100.png
Drone1	1770224998491	189.041	96.3103	-29.2999	0.833828	-0.309797	-0.166045	-0.425659	img_Drone1__0_1770224999443998200.png
Drone1	1770224998551	189.601	95.5161	-29.2149	0.828136	-0.324708	-0.158381	-0.428569	img_Drone1__0_1770224999503500200.png
Drone1	1770224998599	190.047	94.8682	-29.1394	0.824852	-0.33296	-0.154094	-0.430129	img_Drone1__0_1770224999551919200.png
Drone1	1770224998647	190.49	94.2092	-29.057	0.822417	-0.338932	-0.150971	-0.431235	img_Drone1__0_1770224999599152800.png
Drone1	1770224998689	190.876	93.6234	-28.9792	0.820817	-0.342789	-0.148945	-0.431939	img_Drone1__0_1770224999642488000.png
Drone1	1770224998749	191.423	92.7718	-28.8586	0.819166	-0.346715	-0.146875	-0.432647	img_Drone1__0_1770224999701067100.png
Drone1	1770224998794	191.83	92.1218	-28.7606	0.818288	-0.348781	-0.145783	-0.433016	img_Drone1__0_1770224999746721300.png
Drone1	1770224998854	192.369	91.2406	-28.6197	0.817456	-0.350727	-0.144753	-0.433362	img_Drone1__0_1770224999805348900.png
Drone1	1770224998899	192.769	90.5687	-28.5062	0.817016	-0.351751	-0.144209	-0.433543	img_Drone1__0_1770224999852676200.png
Drone1	1770224998950	193.219	89.7963	-28.3693	0.816652	-0.352595	-0.143761	-0.433692	img_Drone1__0_1770224999903206300.png
Drone1	1770224999010	193.744	88.8727	-28.1969	0.816356	-0.353281	-0.143397	-0.433813	img_Drone1__0_1770224999962520500.png
Drone1	1770224999052	194.108	88.2168	-28.0689	0.816208	-0.353622	-0.143216	-0.433872	img_Drone1__0_1770225000006014600.png
Drone1	1770224999100	194.52	87.458	-27.915	0.816083	-0.353911	-0.143062	-0.433923	img_Drone1__0_1770225000052438100.png
Drone1	1770224999160	195.031	86.4958	-27.7112	0.815973	-0.354164	-0.142928	-0.433967	img_Drone1__0_1770225000112625200.png
Drone1	1770224999205	195.41	85.7643	-27.55	0.815915	-0.354297	-0.142857	-0.433991	img_Drone1__0_1770225000158266900.png
Drone1	1770224999256	195.836	84.9253	-27.3587	0.815868	-0.354407	-0.142798	-0.43401	img_Drone1__0_1770225000207745500.png
Drone1	1770224999313	196.307	83.9772	-27.1316	0.828351	-0.324158	-0.158665	-0.428464	img_Drone1__0_1770225000267092700.png
Drone1	1770224999364	196.726	83.1221	-26.9155	0.847307	-0.270768	-0.185619	-0.417494	img_Drone1__0_1770225000316745300.png
Drone1	1770224999409	197.094	82.3598	-26.7191	0.861324	-0.222184	-0.209043	-0.406272	img_Drone1__0_1770225000361562100.png
Drone1	1770224999466	197.562	81.3833	-26.4669	0.874976	-0.16019	-0.237485	-0.390329	img_Drone1__0_1770225000419226600.png
Drone1	1770224999511	197.935	80.6054	-26.2653	0.882112	-0.110407	-0.259277	-0.377445	img_Drone1__0_1770225000463215500.png
Drone1	1770224999559	198.338	79.7712	-26.0471	0.885345	-0.0595979	-0.280607	-0.365884	img_Drone1__0_1770225000512716600.png
Drone1	1770224999625	198.901	78.6201	-25.7397	0.880977	-0.0699709	-0.275773	-0.378065	img_Drone1__0_1770225000578105400.png
Drone1	1770224999673	199.317	77.7802	-25.5106	0.878156	-0.0586634	-0.280571	-0.382989	img_Drone1__0_1770225000624864800.png
Drone1	1770224999721	199.739	76.9384	-25.2759	0.873106	-0.0681757	-0.276246	-0.395886	img_Drone1__0_1770225000674626100.png
Drone1	1770224999769	200.165	76.0947	-25.0355	0.867145	-0.0779872	-0.271824	-0.409986	img_Drone1__0_1770225000720510000.png
Drone1	1770224999820	200.623	75.1955	-24.7748	0.859982	-0.0873275	-0.26752	-0.425719	img_Drone1__0_1770225000772033400.png
Drone1	1770224999880	201.167	74.1346	-24.4597	0.850551	-0.0971272	-0.262853	-0.445015	img_Drone1__0_1770225000833596900.png
Drone1	1770224999928	201.606	73.284	-24.1998	0.842869	-0.0991184	-0.262312	-0.459282	img_Drone1__0_1770225000881944100.png
Drone1	1770224999976	202.048	72.431	-23.934	0.83389	-0.106339	-0.258967	-0.475664	img_Drone1__0_1770225000928025800.png
Drone1	1770225000021	202.464	71.6293	-23.6792	0.824092	-0.118324	-0.252701	-0.492965	img_Drone1__0_1770225000975182600.png
Drone1	1770225000087	203.079	70.45	-23.2951	0.809669	-0.1285	-0.246849	-0.51671	img_Drone1__0_1770225001042362900.png
Drone1	1770225000135	203.53	69.5886	-23.0102	0.795712	-0.150337	-0.23343	-0.538286	img_Drone1__0_1770225001092541800.png
Drone1	1770225000183	203.983	68.723	-22.7215	0.785966	-0.144679	-0.238499	-0.551765	img_Drone1__0_1770225001138494300.png
Drone1	1770225000228	204.408	67.9094	-22.4447	0.771086	-0.166362	-0.223386	-0.572581	img_Drone1__0_1770225001184758900.png
Drone1	1770225000294	205.033	66.7091	-22.0322	0.754608	-0.166583	-0.224952	-0.593476	img_Drone1__0_1770225001248754100.png
Drone1	1770225000345	205.517	65.7772	-21.7058	0.734936	-0.192853	-0.204002	-0.617301	img_Drone1__0_1770225001301639400.png
Drone1	1770225000393	205.972	64.8955	-21.3941	0.718251	-0.205756	-0.193535	-0.635865	img_Drone1__0_1770225001348522200.png
Drone1	1770225000447	206.483	63.8977	-21.0385	0.700123	-0.214971	-0.185345	-0.655181	img_Drone1__0_1770225001404787800.png
Drone1	1770225000498	206.963	62.9489	-20.6986	0.681539	-0.225845	-0.175021	-0.673696	img_Drone1__0_1770225001455611300.png
Drone1	1770225000552	207.468	61.9358	-20.337	0.666127	-0.222394	-0.178846	-0.689079	img_Drone1__0_1770225001507583200.png
Drone1	1770225000600	207.914	61.0291	-20.0122	0.644355	-0.240819	-0.158679	-0.708261	img_Drone1__0_1770225001556144900.png
Drone1	1770225000648	208.355	60.1151	-19.6864	0.624499	-0.251447	-0.146516	-0.724782	img_Drone1__0_1770225001603910600.png
Drone1	1770225000699	208.817	59.1364	-19.3384	0.603219	-0.261017	-0.134063	-0.741636	img_Drone1__0_1770225001655290900.png
Drone1	1770225000747	209.246	58.2083	-19.0095	0.584755	-0.264903	-0.128119	-0.755959	img_Drone1__0_1770225001703156600.png
Drone1	1770225000792	209.641	57.331	-18.7015	0.569256	-0.263712	-0.128872	-0.767981	img_Drone1__0_1770225001750250400.png
Drone1	1770225000864	210.257	55.9157	-18.206	0.53604	-0.277387	-0.107512	-0.790037	img_Drone1__0_1770225001819195400.png
Drone1	1770225000912	210.655	54.9636	-17.8758	0.515758	-0.281246	-0.100096	-0.803041	img_Drone1__0_1770225001868349200.png
Drone1	1770225000957	211.019	54.0658	-17.5651	0.490767	-0.294152	-0.0769586	-0.816517	img_Drone1__0_1770225001915152200.png
Drone1	1770225001005	211.395	53.1029	-17.2326	0.470704	-0.29553	-0.071888	-0.82821	img_Drone1__0_1770225001963335900.png
Drone1	1770225001056	211.782	52.0742	-16.8791	0.451406	-0.293172	-0.0732035	-0.839598	img_Drone1__0_1770225002013560800.png
Drone1	1770225001113	212.196	50.9186	-16.4828	0.420145	-0.303879	-0.0483631	-0.853696	img_Drone1__0_1770225002068362400.png
Drone1	1770225001158	212.506	50.0014	-16.1726	0.405609	-0.297626	-0.0586112	-0.862244	img_Drone1__0_1770225002116298700.png
Drone1	1770225001209	212.843	48.9586	-15.8201	0.373721	-0.309528	-0.026289	-0.873976	img_Drone1__0_1770225002165386700.png
Drone1	1770225001272	213.233	47.6658	-15.3871	0.346135	-0.308804	-0.0220705	-0.885632	img_Drone1__0_1770225002228756700.png
Drone1	1770225001323	213.526	46.6167	-15.0387	0.318652	-0.312854	-0.00433524	-0.894743	img_Drone1__0_1770225002281027200.png
Drone1	1770225001374	213.799	45.5665	-14.6918	0.294607	-0.312771	0.00250265	-0.902981	img_Drone1__0_1770225002331991600.png
Drone1	1770225001425	214.05	44.5159	-14.349	0.273058	-0.310124	0.00143195	-0.910637	img_Drone1__0_1770225002381881600.png
Drone1	1770225001479	214.292	43.4044	-13.9894	0.246617	-0.31004	0.01006	-0.918125	img_Drone1__0_1770225002435947000.png
Drone1	1770225001530	214.496	42.3567	-13.6543	0.220253	-0.310596	0.0217405	-0.924417	img_Drone1__0_1770225002487529400.png
Drone1	1770225001590	214.705	41.128	-13.2664	0.18873	-0.310807	0.0364221	-0.930835	img_Drone1__0_1770225002546226200.png
Drone1	1770225001641	214.856	40.0884	-12.9433	0.160785	-0.31106	0.0519104	-0.935252	img_Drone1__0_1770225002598395600.png
Drone1	1770225001701	215.002	38.8726	-12.5722	0.130247	-0.309377	0.0626578	-0.939891	img_Drone1__0_1770225002657202500.png
Drone1	1770225001752	215.097	37.8471	-12.2658	0.104282	-0.30774	0.0713301	-0.943045	img_Drone1__0_1770225002710900100.png
Drone1	1770225001815	215.178	36.5922	-11.8996	0.0774448	-0.303841	0.0656892	-0.947295	img_Drone1__0_1770225002772170900.png
Drone1	1770225001875	215.219	35.4109	-11.5635	0.0434269	-0.301928	0.0859166	-0.948458	img_Drone1__0_1770225002832203100.png
Drone1	1770225001935	215.222	34.2462	-11.2438	0.0163424	-0.29875	0.0844772	-0.950445	img_Drone1__0_1770225002894463400.png
Drone1	1770225001995	215.19	33.0991	-10.9374	-0.0158757	-0.295618	0.0988339	-0.950047	img_Drone1__0_1770225002952115200.png
Drone1	1770225002055	215.123	31.9725	-10.6473	-0.0415773	-0.292853	0.092449	-0.950769	img_Drone1__0_1770225003013666300.png
Drone1	1770225002121	215.011	30.7578	-10.3446	-0.0796835	-0.288026	0.117125	-0.947087	img_Drone1__0_1770225003078182600.png
Drone1	1770225002184	214.866	29.6262	-10.0767	-0.100778	-0.287342	0.0923238	-0.948027	img_Drone1__0_1770225003143290000.png
Drone1	1770225002247	214.689	28.519	-9.82107	-0.140056	-0.277842	0.138551	-0.940208	img_Drone1__0_1770225003203180400.png
Drone1	1770225002313	214.469	27.3905	-9.57119	-0.158376	-0.276864	0.1249	-0.939502	img_Drone1__0_1770225003270506900.png
Drone1	1770225002370	214.254	26.441	-9.36758	-0.181049	-0.270496	0.145182	-0.934332	img_Drone1__0_1770225003328438400.png
Drone1	1770225002433	213.986	25.4241	-9.16345	-0.19913	-0.265722	0.154908	-0.930453	img_Drone1__0_1770225003392980800.png
Drone1	1770225002496	213.691	24.4383	-8.97308	-0.203441	-0.270019	0.124735	-0.932814	img_Drone1__0_1770225003453592100.png
Drone1	1770225002559	213.374	23.4805	-8.79144	-0.225773	-0.258677	0.163687	-0.924835	img_Drone1__0_1770225003516708100.png
Drone1	1770225002622	213.032	22.5559	-8.62554	-0.234868	-0.256953	0.16313	-0.923147	img_Drone1__0_1770225003578772600.png
Drone1	1770225002688	212.648	21.6221	-8.46697	-0.239042	-0.258853	0.149284	-0.923887	img_Drone1__0_1770225003647797300.png
Drone1	1770225002751	212.26	20.7613	-8.32507	-0.248185	-0.254875	0.158881	-0.920977	img_Drone1__0_1770225003710931300.png
Drone1	1770225002820	211.81	19.8555	-8.18437	-0.255686	-0.251785	0.165216	-0.918658	img_Drone1__0_1770225003780649400.png
Drone1	1770225002892	211.311	18.9538	-8.05867	-0.261783	-0.249103	0.170366	-0.91673	img_Drone1__0_1770225003849458100.png
Drone1	1770225002958	210.83	18.1633	-7.95702	-0.265683	-0.247635	0.172162	-0.915669	img_Drone1__0_1770225003915905000.png
Drone1	1770225003036	210.235	17.2708	-7.84844	-0.268598	-0.247052	0.171029	-0.915188	img_Drone1__0_1770225003996682700.png
Drone1	1770225003102	209.71	16.5503	-7.76565	-0.270672	-0.246523	0.170711	-0.914779	img_Drone1__0_1770225004061444800.png
Drone1	1770225003171	209.139	15.8306	-7.68746	-0.271647	-0.246924	0.16759	-0.914959	img_Drone1__0_1770225004131509400.png
Drone1	1770225003243	208.521	15.1171	-7.61703	-0.272643	-0.247031	0.165754	-0.914968	img_Drone1__0_1770225004201933300.png
Drone1	1770225003309	207.931	14.4973	-7.56433	-0.272977	-0.247519	0.163041	-0.915224	img_Drone1__0_1770225004268132300.png
Drone1	1770225003381	207.264	13.8583	-7.51984	-0.273559	-0.247596	0.161842	-0.915242	img_Drone1__0_1770225004340015400.png
Drone1	1770225003447	206.631	13.3056	-7.48963	-0.273502	-0.248171	0.159239	-0.91556	img_Drone1__0_1770225004406546800.png
Drone1	1770225003519	205.917	12.7379	-7.46719	-0.273861	-0.248212	0.158519	-0.915567	img_Drone1__0_1770225004479565800.png
Drone1	1770225003591	205.18	12.2068	-7.45599	-0.274147	-0.248234	0.157993	-0.915566	img_Drone1__0_1770225004551892700.png
Drone1	1770225003660	204.45	11.7322	-7.45676	-0.274176	-0.248453	0.156926	-0.915682	img_Drone1__0_1770225004620732700.png
Drone1	1770225003735	203.63	11.2546	-7.47102	-0.274369	-0.248447	0.156662	-0.915671	img_Drone1__0_1770225004697574800.png
Drone1	1770225003816	202.714	10.7828	-7.50196	-0.274815	-0.248121	0.157517	-0.915479	img_Drone1__0_1770225004785261600.png
Drone1	1770225003900	202.961	10.9098	-7.49326	-0.274166	-0.249963	0.151274	-0.916225	img_Drone1__0_1770225004869640200.png
Drone1	1770225003973	202.96	10.9559	-7.49343	-0.271951	-0.25382	0.13951	-0.91769	img_Drone1__0_1770225004943540600.png
Drone1	1770225004045	202.385	10.9113	-7.52787	-0.265666	-0.256613	0.128895	-0.920303	img_Drone1__0_1770225005012899200.png
Drone1	1770225004114	201.588	10.868	-7.57674	-0.262993	-0.256529	0.128737	-0.921116	img_Drone1__0_1770225005083182000.png
Drone1	1770225004192	200.663	10.8433	-7.6306	-0.259796	-0.257447	0.125543	-0.922207	img_Drone1__0_1770225005156706400.png
Drone1	1770225004261	199.826	10.8408	-7.6734	-0.257624	-0.2581	0.123481	-0.922912	img_Drone1__0_1770225005230418600.png
Drone1	1770225004348	198.746	10.863	-7.7207	-0.254344	-0.259934	0.117279	-0.924115	img_Drone1__0_1770225005316665100.png
Drone1	1770225004432	197.675	10.9112	-7.76117	-0.253404	-0.259897	0.117825	-0.924314	img_Drone1__0_1770225005402818700.png
Drone1	1770225004522	196.497	10.9922	-7.8004	-0.252193	-0.26036	0.116527	-0.92468	img_Drone1__0_1770225005492716100.png
Drone1	1770225004621	195.164	11.1157	-7.83909	-0.251103	-0.260883	0.114941	-0.925028	img_Drone1__0_1770225005592341600.png
Drone1	1770225004744	193.457	11.3171	-7.87764	-0.250284	-0.261254	0.113875	-0.925277	img_Drone1__0_1770225005713849800.png
Drone1	1770225004852	191.914	11.5344	-7.89737	-0.249357	-0.261912	0.111614	-0.925616	img_Drone1__0_1770225005823087900.png
Drone1	1770225004975	190.11	11.8252	-7.89967	-0.248745	-0.262331	0.110191	-0.925833	img_Drone1__0_1770225005943888800.png
Drone1	1770225005089	188.395	12.1341	-7.88066	-0.248509	-0.26246	0.109788	-0.925907	img_Drone1__0_1770225006060594300.png
Drone1	1770225005212	186.5	12.5082	-7.83605	-0.248244	-0.262648	0.109144	-0.926001	img_Drone1__0_1770225006181756300.png
Drone1	1770225005335	184.561	12.9229	-7.7653	-0.247944	-0.262893	0.108262	-0.926116	img_Drone1__0_1770225006305098600.png
Drone1	1770225005455	182.627	13.3651	-7.66999	-0.247558	-0.263233	0.10701	-0.926268	img_Drone1__0_1770225006426441800.png
Drone1	1770225005578	180.605	13.8555	-7.5444	-0.247193	-0.263561	0.105793	-0.926412	img_Drone1__0_1770225006553165400.png
Drone1	1770225005683	178.847	14.3027	-7.41433	-0.24708	-0.263659	0.105434	-0.926455	img_Drone1__0_1770225006655668100.png
Drone1	1770225005791	177.01	14.7892	-7.25837	-0.246901	-0.263821	0.104829	-0.926525	img_Drone1__0_1770225006764557200.png
Drone1	1770225005893	175.249	15.2728	-7.09041	-0.246563	-0.264135	0.103655	-0.926658	img_Drone1__0_1770225006867493800.png
Drone1	1770225006004	173.304	15.8249	-6.88493	-0.246529	-0.264164	0.103546	-0.926671	img_Drone1__0_1770225006980228300.png
Drone1	1770225006106	171.491	16.3552	-6.67542	-0.246179	-0.264488	0.102326	-0.926807	img_Drone1__0_1770225007082516600.png
Drone1	1770225006211	169.6	16.9237	-6.43931	-0.246097	-0.264563	0.102044	-0.926839	img_Drone1__0_1770225007187025500.png
Drone1	1770225006322	167.578	17.5468	-6.16229	-0.258538	-0.225161	0.127058	-0.930762	img_Drone1__0_1770225007298038400.png
Drone1	1770225006427	165.671	18.1405	-5.83106	-0.295705	-0.069618	0.193812	-0.932818	img_Drone1__0_1770225007403288800.png
Drone1	1770225006544	163.573	18.8295	-5.43617	-0.322622	0.0868887	0.209407	-0.918975	img_Drone1__0_1770225007521473700.png
Drone1	1770225006664	161.522	19.5961	-5.11292	-0.358343	0.197585	0.103449	-0.906559	img_Drone1__0_1770225007640717700.png
Drone1	1770225006760	159.992	20.2181	-4.96402	-0.384603	0.218958	-0.020793	-0.896496	img_Drone1__0_1770225007738099600.png
Drone1	1770225006859	158.508	20.817	-4.90214	-0.386641	0.248179	-0.0447943	-0.887079	img_Drone1__0_1770225007835177300.png
Drone1	1770225006943	157.321	21.2772	-4.91576	-0.38811	0.260057	-0.0577905	-0.88227	img_Drone1__0_1770225007921614600.png
Drone1	1770225007018	156.317	21.6472	-4.97666	-0.389064	0.265936	-0.0650563	-0.879588	img_Drone1__0_1770225007994618600.png
Drone1	1770225007096	155.329	21.9904	-5.08409	-0.389604	0.269719	-0.0692511	-0.877875	img_Drone1__0_1770225008072850700.png
Drone1	1770225007171	154.428	22.282	-5.22314	-0.390177	0.271563	-0.0724141	-0.876796	img_Drone1__0_1770225008148211900.png
Drone1	1770225007228	153.775	22.4796	-5.34807	-0.389712	0.273549	-0.0715042	-0.87646	img_Drone1__0_1770225008204913200.png
Drone1	1770225007315	152.825	22.7434	-5.56503	-0.391145	0.272792	-0.0765742	-0.875629	img_Drone1__0_1770225008291845800.png
Drone1	1770225007396	151.991	22.9496	-5.79146	-0.39197	0.27232	-0.0794042	-0.875155	img_Drone1__0_1770225008372925800.png
Drone1	1770225007474	151.231	23.1132	-6.02901	-0.392183	0.272435	-0.0801475	-0.874956	img_Drone1__0_1770225008453201700.png
Drone1	1770225007549	150.54	23.2391	-6.27386	-0.39226	0.272582	-0.0803955	-0.874853	img_Drone1__0_1770225008529541700.png
Drone1	1770225007636	149.786	23.3471	-6.57657	-0.391238	0.274235	-0.0770953	-0.875091	img_Drone1__0_1770225008616464100.png
Drone1	1770225007723	149.081	23.4149	-6.89836	-0.390974	0.274725	-0.0762186	-0.875132	img_Drone1__0_1770225008701581500.png
Drone1	1770225007798	148.514	23.4412	-7.19075	-0.391329	0.274283	-0.0773198	-0.875015	img_Drone1__0_1770225008778987800.png
Drone1	1770225007879	147.941	23.4363	-7.52234	-0.392251	0.273009	-0.0802366	-0.874738	img_Drone1__0_1770225008858931200.png
Drone1	1770225007954	147.463	23.4067	-7.8314	-0.371396	0.300792	-0.0164998	-0.878246	img_Drone1__0_1770225008932364400.png
Drone1	1770225008029	146.98	23.361	-8.13808	-0.350058	0.315266	0.0461537	-0.880872	img_Drone1__0_1770225009010216400.png
Drone1	1770225008113	146.496	23.3013	-8.46179	-0.327348	0.232277	0.128136	-0.906902	img_Drone1__0_1770225009091671300.png
Drone1	1770225008200	146.015	23.2424	-8.75479	-0.303958	0.143951	0.195201	-0.921295	img_Drone1__0_1770225009178738800.png
Drone1	1770225008299	145.487	23.1899	-9.0409	-0.275078	0.0357939	0.25205	-0.927104	img_Drone1__0_1770225009280196600.png
Drone1	1770225008416	144.892	23.1965	-9.38701	-0.236417	-0.113883	0.199883	-0.944026	img_Drone1__0_1770225009396983500.png
Drone1	1770225008530	144.295	23.2772	-9.75074	-0.200948	-0.210997	0.0808821	-0.953183	img_Drone1__0_1770225009511445300.png
Drone1	1770225008647	143.631	23.4022	-10.1316	-0.190631	-0.248333	0.060896	-0.947777	img_Drone1__0_1770225009627456400.png
Drone1	1770225008767	142.893	23.5579	-10.4966	-0.194335	-0.26422	0.057676	-0.942918	img_Drone1__0_1770225009747576300.png
Drone1	1770225008878	142.161	23.725	-10.8021	-0.208584	-0.268509	0.0664222	-0.938075	img_Drone1__0_1770225009857472500.png
Drone1	1770225008983	141.426	23.9031	-11.0571	-0.220629	-0.271401	0.0658889	-0.934518	img_Drone1__0_1770225009963470800.png
Drone1	1770225009076	140.741	24.0845	-11.262	-0.242214	-0.270429	0.0742486	-0.92881	img_Drone1__0_1770225010058871700.png
Drone1	1770225009172	140.003	24.2764	-11.4291	-0.265084	-0.271732	0.0714092	-0.922384	img_Drone1__0_1770225010152520100.png
Drone1	1770225009268	139.237	24.4927	-11.5693	-0.299528	-0.265416	0.092459	-0.911751	img_Drone1__0_1770225010248436000.png
Drone1	1770225009352	138.544	24.6988	-11.6652	-0.326026	-0.266105	0.0908206	-0.902578	img_Drone1__0_1770225010332669800.png
Drone1	1770225009436	137.83	24.9225	-11.737	-0.359539	-0.259708	0.108156	-0.889711	img_Drone1__0_1770225010417598900.png
Drone1	1770225009529	137.018	25.1944	-11.7921	-0.395243	-0.255423	0.118595	-0.874344	img_Drone1__0_1770225010510955900.png
Drone1	1770225009622	136.184	25.4938	-11.8209	-0.43433	-0.245976	0.138275	-0.855414	img_Drone1__0_1770225010604571600.png
Drone1	1770225009715	135.33	25.8246	-11.827	-0.468097	-0.245502	0.138058	-0.837588	img_Drone1__0_1770225010696475200.png
Drone1	1770225009805	134.485	26.1805	-11.8194	-0.502686	-0.242072	0.145701	-0.816994	img_Drone1__0_1770225010786111000.png
Drone1	1770225009895	133.627	26.5729	-11.7963	-0.546613	-0.215197	0.18654	-0.787469	img_Drone1__0_1770225010877734500.png
Drone1	1770225009994	132.675	27.05	-11.7553	-0.58377	-0.208407	0.19438	-0.76026	img_Drone1__0_1770225010977224200.png
Drone1	1770225010084	131.806	27.5271	-11.7045	-0.619787	-0.192453	0.213266	-0.730304	img_Drone1__0_1770225011066137000.png
Drone1	1770225010165	131.025	27.9933	-11.6494	-0.64703	-0.191235	0.213639	-0.706498	img_Drone1__0_1770225011147616700.png
Drone1	1770225010249	130.221	28.5129	-11.5817	-0.678143	-0.176444	0.227601	-0.676156	img_Drone1__0_1770225011230330700.png
Drone1	1770225010324	129.511	29.0095	-11.515	-0.705063	-0.16136	0.240718	-0.647228	img_Drone1__0_1770225011305964600.png
Drone1	1770225010405	128.756	29.5787	-11.4347	-0.728099	-0.166464	0.234157	-0.62236	img_Drone1__0_1770225011386324900.png
Drone1	1770225010483	128.043	30.1616	-11.3544	-0.754582	-0.146582	0.249449	-0.588978	img_Drone1__0_1770225011465660400.png
Drone1	1770225010567	127.296	30.8257	-11.2643	-0.781284	-0.124922	0.263094	-0.552061	img_Drone1__0_1770225011547797200.png
Drone1	1770225010648	126.601	31.501	-11.1758	-0.801892	-0.125607	0.261433	-0.522345	img_Drone1__0_1770225011631672100.png
Drone1	1770225010729	125.933	32.2078	-11.0847	-0.82403	-0.107733	0.271121	-0.485655	img_Drone1__0_1770225011710463500.png
Drone1	1770225010804	125.343	32.889	-10.999	-0.8435	-0.0879043	0.279529	-0.45016	img_Drone1__0_1770225011784446000.png
Drone1	1770225010882	124.759	33.6219	-10.9082	-0.858465	-0.100563	0.272027	-0.422997	img_Drone1__0_1770225011862559900.png
Drone1	1770225010954	124.247	34.3172	-10.8197	-0.876141	-0.0640837	0.287001	-0.381969	img_Drone1__0_1770225011936425300.png
Drone1	1770225011029	123.746	35.0594	-10.7262	-0.890424	-0.0523024	0.289761	-0.347057	img_Drone1__0_1770225012010359200.png
Drone1	1770225011092	123.35	35.694	-10.6432	-0.901393	-0.042043	0.291747	-0.317187	img_Drone1__0_1770225012074435900.png
Drone1	1770225011158	122.96	36.3685	-10.5534	-0.911878	-0.0312126	0.293159	-0.285591	img_Drone1__0_1770225012139580100.png
Drone1	1770225011218	122.63	36.9889	-10.4698	-0.920279	-0.0247096	0.293501	-0.257551	img_Drone1__0_1770225012200105400.png
Drone1	1770225011275	122.337	37.5838	-10.3897	-0.927186	-0.0327866	0.289622	-0.23531	img_Drone1__0_1770225012258903400.png
Drone1	1770225011332	122.066	38.1832	-10.3083	-0.934159	-0.00591352	0.294269	-0.201785	img_Drone1__0_1770225012315423300.png
Drone1	1770225011392	121.805	38.8175	-10.2242	-0.93988	-0.0145764	0.291155	-0.177881	img_Drone1__0_1770225012373668400.png
Drone1	1770225011452	121.567	39.4537	-10.138	-0.945071	0.00633212	0.293087	-0.144571	img_Drone1__0_1770225012434568000.png
Drone1	1770225011515	121.344	40.1221	-10.0485	-0.94945	-0.000850977	0.290704	-0.118467	img_Drone1__0_1770225012496786800.png
Drone1	1770225011569	121.173	40.6945	-9.9698	-0.952365	0.0194344	0.29139	-0.0878396	img_Drone1__0_1770225012552465300.png
Drone1	1770225011620	121.031	41.2333	-9.89714	-0.95461	0.0132714	0.290017	-0.0665834	img_Drone1__0_1770225012603218100.png
Drone1	1770225011674	120.9	41.8014	-9.81917	-0.955809	0.0353901	0.289706	-0.0353061	img_Drone1__0_1770225012657237600.png
Drone1	1770225011725	120.793	42.3345	-9.74537	-0.956317	0.0449506	0.288709	-0.00919486	img_Drone1__0_1770225012708435500.png
Drone1	1770225011776	120.703	42.8636	-9.67215	-0.956197	0.0537013	0.287273	0.0166781	img_Drone1__0_1770225012758697300.png
Drone1	1770225011839	120.616	43.5106	-9.58162	-0.955414	0.0597448	0.285284	0.0472047	img_Drone1__0_1770225012820646900.png
Drone1	1770225011893	120.561	44.0584	-9.50375	-0.954094	0.0626708	0.283715	0.0726857	img_Drone1__0_1770225012875072400.png
Drone1	1770225011947	120.525	44.5989	-9.42677	-0.952563	0.058021	0.28296	0.0958759	img_Drone1__0_1770225012929451000.png
Drone1	1770225012004	120.506	45.1608	-9.34532	-0.949282	0.067657	0.280629	0.124633	img_Drone1__0_1770225012986172300.png
Drone1	1770225012061	120.507	45.7125	-9.26524	-0.945398	0.07329	0.278785	0.152087	img_Drone1__0_1770225013045081800.png
Drone1	1770225012112	120.525	46.1965	-9.19499	-0.940966	0.0818029	0.276323	0.177588	img_Drone1__0_1770225013096902300.png
Drone1	1770225012163	120.558	46.6709	-9.12595	-0.935459	0.0941264	0.272776	0.204081	img_Drone1__0_1770225013145407000.png
Drone1	1770225012214	120.605	47.1354	-9.05716	-0.929401	0.104658	0.26908	0.229905	img_Drone1__0_1770225013198984500.png
Drone1	1770225012268	120.67	47.6157	-8.98487	-0.923193	0.107202	0.26722	0.254589	img_Drone1__0_1770225013250438800.png
Drone1	1770225012316	120.74	48.0317	-8.92188	-0.918409	0.0980027	0.269008	0.273047	img_Drone1__0_1770225013300546000.png
Drone1	1770225012373	120.839	48.5125	-8.84744	-0.909056	0.113521	0.26311	0.302496	img_Drone1__0_1770225013354976100.png
Drone1	1770225012418	120.929	48.8802	-8.79129	-0.902973	0.109748	0.263903	0.320858	img_Drone1__0_1770225013403048600.png
Drone1	1770225012472	121.049	49.3085	-8.72542	-0.896327	0.0964924	0.267487	0.340204	img_Drone1__0_1770225013455236300.png
Drone1	1770225012520	121.169	49.677	-8.66944	-0.883213	0.13666	0.250183	0.372382	img_Drone1__0_1770225013502975300.png
Drone1	1770225012571	121.308	50.0534	-8.6145	-0.877802	0.109404	0.262217	0.385665	img_Drone1__0_1770225013553781200.png
Drone1	1770225012619	121.448	50.3958	-8.56217	-0.863672	0.145067	0.244692	0.416116	img_Drone1__0_1770225013601593200.png
Drone1	1770225012670	121.607	50.7431	-8.51153	-0.854253	0.139676	0.247526	0.435286	img_Drone1__0_1770225013651978400.png
Drone1	1770225012715	121.755	51.0361	-8.4698	-0.845342	0.136998	0.248228	0.452783	img_Drone1__0_1770225013698630600.png
Drone1	1770225012781	121.985	51.4435	-8.41157	-0.826658	0.160005	0.234796	0.485702	img_Drone1__0_1770225013765667900.png
Drone1	1770225012829	122.161	51.721	-8.37408	-0.819943	0.135349	0.249244	0.497244	img_Drone1__0_1770225013812720000.png
Drone1	1770225012880	122.355	52.0012	-8.33448	-0.801036	0.170642	0.225826	0.52747	img_Drone1__0_1770225013864514000.png
Drone1	1770225012931	122.556	52.2624	-8.3001	-0.79156	0.153501	0.237887	0.541553	img_Drone1__0_1770225013915544700.png
Drone1	1770225012982	122.762	52.5073	-8.26662	-0.77293	0.178645	0.218925	0.5681	img_Drone1__0_1770225013967142900.png
Drone1	1770225013030	122.96	52.7245	-8.23317	-0.763826	0.160854	0.231983	0.580414	img_Drone1__0_1770225014013231900.png
Drone1	1770225013078	123.161	52.9288	-8.19762	-0.744668	0.185769	0.2118	0.605062	img_Drone1__0_1770225014063339300.png
Drone1	1770225013126	123.364	53.1172	-8.1643	-0.730873	0.185145	0.212743	0.621519	img_Drone1__0_1770225014108644800.png
Drone1	1770225013189	123.634	53.3424	-8.12055	-0.708491	0.198282	0.20008	0.647064	img_Drone1__0_1770225014172544000.png
Drone1	1770225013237	123.84	53.4972	-8.08739	-0.692594	0.201808	0.196745	0.663987	img_Drone1__0_1770225014220915200.png
Drone1	1770225013291	124.073	53.6529	-8.05135	-0.676184	0.199149	0.199086	0.680793	img_Drone1__0_1770225014274744200.png
Drone1	1770225013339	124.28	53.7768	-8.01796	-0.659041	0.204047	0.193667	0.697512	img_Drone1__0_1770225014323445200.png
Drone1	1770225013387	124.485	53.8858	-7.98506	-0.643587	0.202279	0.195859	0.711701	img_Drone1__0_1770225014371473900.png
Drone1	1770225013438	124.702	53.987	-7.94828	-0.620447	0.219313	0.17583	0.732141	img_Drone1__0_1770225014421350500.png
Drone1	1770225013483	124.89	54.0635	-7.91481	-0.604288	0.220476	0.174358	0.745537	img_Drone1__0_1770225014468007700.png
Drone1	1770225013537	125.114	54.1388	-7.87468	-0.589003	0.209589	0.188243	0.757438	img_Drone1__0_1770225014523400100.png
Drone1	1770225013585	125.308	54.1917	-7.83747	-0.563819	0.22982	0.160803	0.77681	img_Drone1__0_1770225014570071500.png
Drone1	1770225013636	125.509	54.2298	-7.80292	-0.550673	0.215825	0.181709	0.785595	img_Drone1__0_1770225014621197500.png
Drone1	1770225013696	125.739	54.2548	-7.76236	-0.51946	0.23588	0.15072	0.807345	img_Drone1__0_1770225014683482600.png
Drone1	1770225013750	125.938	54.2591	-7.72672	-0.49886	0.235747	0.151941	0.820046	img_Drone1__0_1770225014736227800.png
Drone1	1770225013798	126.108	54.2496	-7.69442	-0.476587	0.242779	0.139767	0.8333	img_Drone1__0_1770225014783903900.png
Drone1	1770225013855	126.302	54.2231	-7.65402	-0.451964	0.246521	0.133068	0.846905	img_Drone1__0_1770225014842127600.png
Drone1	1770225013909	126.475	54.1819	-7.61617	-0.44093	0.226703	0.172034	0.851229	img_Drone1__0_1770225014895276600.png
Drone1	1770225013972	126.665	54.1149	-7.57013	-0.401651	0.25021	0.122357	0.872411	img_Drone1__0_1770225014958461900.png
Drone1	1770225014026	126.815	54.0401	-7.53437	-0.382257	0.246453	0.133939	0.880455	img_Drone1__0_1770225015013448300.png
Drone1	1770225014077	126.947	53.9579	-7.49827	-0.352611	0.258381	0.104992	0.893242	img_Drone1__0_1770225015064645400.png
Drone1	1770225014131	127.073	53.8577	-7.46165	-0.328985	0.259958	0.103112	0.901975	img_Drone1__0_1770225015117289100.png
Drone1	1770225014185	127.185	53.7449	-7.42622	-0.305464	0.260409	0.101911	0.910216	img_Drone1__0_1770225015171217100.png
Drone1	1770225014236	127.279	53.6281	-7.39158	-0.277747	0.26679	0.0823629	0.919182	img_Drone1__0_1770225015223067800.png
Drone1	1770225014287	127.358	53.5014	-7.35907	-0.265254	0.257533	0.117069	0.921744	img_Drone1__0_1770225015274724500.png
Drone1	1770225014344	127.432	53.3483	-7.32216	-0.229099	0.267466	0.0774609	0.932725	img_Drone1__0_1770225015331036800.png
Drone1	1770225014404	127.488	53.1749	-7.28661	-0.200885	0.269925	0.0721359	0.938926	img_Drone1__0_1770225015389706500.png
Drone1	1770225014458	127.523	53.0108	-7.25335	-0.172117	0.273221	0.0559437	0.944773	img_Drone1__0_1770225015444514900.png
Drone1	1770225014506	127.54	52.8591	-7.22293	-0.146333	0.276047	0.0412501	0.949043	img_Drone1__0_1770225015492908500.png
Drone1	1770225014560	127.543	52.683	-7.18969	-0.128396	0.273605	0.063447	0.95112	img_Drone1__0_1770225015546096400.png
Drone1	1770225014608	127.532	52.5221	-7.15806	-0.0966038	0.277658	0.0283548	0.95539	img_Drone1__0_1770225015594250000.png
Drone1	1770225014659	127.503	52.3477	-7.12711	-0.07793	0.277319	0.0436699	0.956616	img_Drone1__0_1770225015645306900.png
Drone1	1770225014704	127.465	52.1913	-7.09879	-0.050356	0.27886	0.0189969	0.958822	img_Drone1__0_1770225015692008200.png
Drone1	1770225014749	127.415	52.0333	-7.06952	-0.0262285	0.27949	0.00626258	0.95977	img_Drone1__0_1770225015736250500.png
Drone1	1770225014806	127.334	51.8323	-7.03347	-0.005927	0.279945	0.0255012	0.959659	img_Drone1__0_1770225015793447100.png
Drone1	1770225014857	127.245	51.6518	-6.9983	0.0265621	0.279491	-0.00646308	0.959759	img_Drone1__0_1770225015843743200.png
Drone1	1770225014905	127.147	51.4829	-6.96556	0.0487446	0.280115	-0.00787375	0.958696	img_Drone1__0_1770225015893962300.png
Drone1	1770225014950	127.043	51.3257	-6.93329	0.0741456	0.279046	-0.0249531	0.957086	img_Drone1__0_1770225015939035400.png
Drone1	1770225015016	126.87	51.0986	-6.8829	0.10739	0.278013	-0.0365865	0.953854	img_Drone1__0_1770225016004099100.png
Drone1	1770225015061	126.737	50.947	-6.84683	0.125383	0.279143	-0.0287147	0.951595	img_Drone1__0_1770225016050151200.png
Drone1	1770225015109	126.584	50.7886	-6.80629	0.151747	0.276781	-0.0450466	0.947806	img_Drone1__0_1770225016096047200.png
Drone1	1770225015157	126.418	50.6351	-6.76598	0.172749	0.277532	-0.0435092	0.944056	img_Drone1__0_1770225016145365300.png
Drone1	1770225015214	126.204	50.4592	-6.71542	0.204646	0.272982	-0.065627	0.937707	img_Drone1__0_1770225016201195500.png
Drone1	1770225015262	126.011	50.3173	-6.67063	0.228862	0.270685	-0.0758339	0.931988	img_Drone1__0_1770225016250991200.png
Drone1	1770225015316	125.781	50.1649	-6.61658	0.250616	0.252382	-0.061109	0.93261	img_Drone1__0_1770225016302663000.png
Drone1	1770225015373	125.527	50.0114	-6.55298	0.292382	0.163473	-0.107343	0.936091	img_Drone1__0_1770225016359859400.png
Drone1	1770225015427	125.277	49.8779	-6.49944	0.323475	0.0824537	-0.144085	0.931561	img_Drone1__0_1770225016415945900.png
Drone1	1770225015487	124.997	49.7452	-6.45213	0.349664	-0.00105772	-0.161781	0.9228	img_Drone1__0_1770225016475665500.png
Drone1	1770225015544	124.736	49.634	-6.42057	0.367759	-0.0639276	-0.165873	0.912772	img_Drone1__0_1770225016535930700.png
Drone1	1770225015607	124.46	49.5256	-6.40092	0.381041	-0.104042	-0.165793	0.903601	img_Drone1__0_1770225016598186800.png
Drone1	1770225015664	124.228	49.4395	-6.39802	0.389765	-0.1241	-0.162475	0.897934	img_Drone1__0_1770225016655488600.png
Drone1	1770225015724	124.002	49.3597	-6.41076	0.396877	-0.134792	-0.156872	0.894266	img_Drone1__0_1770225016714208800.png
Drone1	1770225015778	123.817	49.2966	-6.43642	0.402022	-0.138517	-0.150683	0.89246	img_Drone1__0_1770225016768296500.png
Drone1	1770225015841	123.623	49.2324	-6.48383	0.40692	-0.138306	-0.142643	0.891594	img_Drone1__0_1770225016831095400.png
Drone1	1770225015895	123.475	49.1847	-6.53992	0.410383	-0.135523	-0.135331	0.891574	img_Drone1__0_1770225016885158300.png
Drone1	1770225015952	123.336	49.1407	-6.61273	0.413449	-0.130834	-0.127368	0.892032	img_Drone1__0_1770225016943008600.png
Drone1	1770225016009	123.209	49.1012	-6.68762	0.416014	-0.124932	-0.119299	0.8928	img_Drone1__0_1770225016995305900.png
Drone1	1770225016054	123.116	49.0723	-6.74337	0.417739	-0.119717	-0.112965	0.893533	img_Drone1__0_1770225017044589600.png
Drone1	1770225016108	123.011	49.0399	-6.80473	0.41951	-0.113084	-0.105511	0.894478	img_Drone1__0_1770225017098855200.png
Drone1	1770225016165	122.907	49.0081	-6.86272	0.421074	-0.105886	-0.0979104	0.895488	img_Drone1__0_1770225017157577500.png
Drone1	1770225016216	122.821	48.9817	-6.90897	0.422247	-0.0994456	-0.0914009	0.896362	img_Drone1__0_1770225017208464200.png
Drone1	1770225016273	122.73	48.9539	-6.95157	0.423295	-0.0930619	-0.0851166	0.897171	img_Drone1__0_1770225017265942900.png
Drone1	1770225016327	122.649	48.9291	-6.98192	0.424134	-0.0870344	-0.0793403	0.897909	img_Drone1__0_1770225017319795200.png
Drone1	1770225016384	122.569	48.9047	-7.00749	0.424881	-0.0808301	-0.0734986	0.898633	img_Drone1__0_1770225017376156200.png
Drone1	1770225016438	122.499	48.8833	-7.02711	0.425473	-0.0751736	-0.0682496	0.899257	img_Drone1__0_1770225017423626700.png
Drone1	1770225016486	122.438	48.8648	-7.03007	0.425948	-0.0702451	-0.0637092	0.899764	img_Drone1__0_1770225017478806500.png
Drone1	1770225016540	122.37	48.844	-7.0065	0.426454	-0.0646954	-0.0586001	0.900287	img_Drone1__0_1770225017532577000.png
Drone1	1770225016594	122.302	48.8233	-6.95466	0.426933	-0.0591399	-0.0534898	0.90076	img_Drone1__0_1770225017585253000.png
Drone1	1770225016642	122.241	48.8049	-6.88519	0.427335	-0.0541971	-0.0489464	0.901139	img_Drone1__0_1770225017634254400.png
Drone1	1770225016696	122.174	48.7842	-6.78128	0.427761	-0.0486318	-0.0438345	0.901518	img_Drone1__0_1770225017688230100.png
Drone1	1770225016744	122.114	48.766	-6.66662	0.428116	-0.0436809	-0.0392902	0.901812	img_Drone1__0_1770225017736834300.png
Drone1	1770225016801	122.043	48.7444	-6.50411	0.428509	-0.0377972	-0.0338936	0.90211	img_Drone1__0_1770225017794572100.png
Drone1	1770225016855	121.976	48.7241	-6.3248	0.428852	-0.0322189	-0.0287811	0.902341	img_Drone1__0_1770225017846211100.png
Drone1	1770225016909	121.91	48.7039	-6.12199	0.429167	-0.026637	-0.0236689	0.902522	img_Drone1__0_1770225017901525400.png
Drone1	1770225016972	121.833	48.6805	-5.85729	0.4295	-0.0201204	-0.0177056	0.902669	img_Drone1__0_1770225017964474500.png
Drone1	1770225017032	121.76	48.6584	-5.57884	0.42978	-0.0139104	-0.0120275	0.902746	img_Drone1__0_1770225018024408700.png
Drone1	1770225017089	121.691	48.6375	-5.29213	0.430015	-0.00800787	-0.00663469	0.902762	img_Drone1__0_1770225018083639100.png
Drone1	1770225017146	121.623	48.6167	-4.98536	0.430219	-0.00210283	-0.00124363	0.902721	img_Drone1__0_1770225018137917500.png
Drone1	1770225017200	121.558	48.597	-4.67758	0.430383	0.00349337	0.00386179	0.902632	img_Drone1__0_1770225018193457900.png
Drone1	1770225017254	121.494	48.5772	-4.35437	0.430519	0.00909114	0.00896508	0.902491	img_Drone1__0_1770225018246080700.png
Drone1	1770225017308	121.429	48.5574	-4.0169	0.430627	0.0146901	0.014066	0.902301	img_Drone1__0_1770225018300998800.png
Drone1	1770225017368	121.356	48.5352	-3.62655	0.430714	0.0209122	0.0197305	0.902031	img_Drone1__0_1770225018361841600.png
Drone1	1770225017422	121.289	48.5149	-3.26251	0.430762	0.0265127	0.0248254	0.901734	img_Drone1__0_1770225018415897400.png
Drone1	1770225017479	121.218	48.4931	-2.86625	0.430783	0.0324244	0.0301998	0.901367	img_Drone1__0_1770225018472719900.png
Drone1	1770225017542	121.137	48.4684	-2.41514	0.43077	0.0389582	0.0361353	0.900896	img_Drone1__0_1770225018534518200.png
Drone1	1770225017599	121.061	48.4454	-1.99608	0.430726	0.0448691	0.0415011	0.900411	img_Drone1__0_1770225018590840400.png
Drone1	1770225017659	120.979	48.4204	-1.54464	0.430645	0.0510898	0.0471442	0.89984	img_Drone1__0_1770225018651887100.png
Drone1	1770225017728	120.881	48.3904	-1.01341	0.43051	0.0582417	0.0536269	0.899073	img_Drone1__0_1770225018720751200.png
Drone1	1770225017797	120.777	48.3589	-0.470222	0.430329	0.0653906	0.0601018	0.898292	img_Drone1__0_1770225018791399200.png
Drone1	1770225017863	120.746	48.3493	-0.30891	0.435161	0	0	0.900352	img_Drone1__0_1770225018856735800.png
Drone1	1770225017923	120.746	48.3493	-0.30891	0.435161	0	0	0.900352	img_Drone1__0_1770225018916880500.png
Drone1	1770225017980	120.746	48.3493	-0.30891	0.435161	0	0	0.900352	img_Drone1__0_1770225018973030900.png
Drone1	1770225018037	120.746	48.3493	-0.30891	0.435161	0	0	0.900352	img_Drone1__0_1770225019031023700.png
Drone1	1770225018100	120.746	48.3493	-0.30891	0.435161	0	0	0.900352	img_Drone1__0_1770225019094752400.png
Drone1	1770225018166	120.746	48.3493	-0.30891	0.435161	0	0	0.900352	img_Drone1__0_1770225019161396600.png
Drone1	1770225018220	120.746	48.3493	-0.30891	0.435161	0	0	0.900352	img_Drone1__0_1770225019215229400.png
Drone1	1770225018274	120.746	48.3493	-0.30891	0.435161	0	0	0.900352	img_Drone1__0_1770225019268876700.png
Drone1	1770225018328	120.746	48.3493	-0.30891	0.435161	0	0	0.900352	img_Drone1__0_1770225019324306000.png
Drone1	1770225018385	120.746	48.3493	-0.30891	0.435161	0	0	0.900352	img_Drone1__0_1770225019380234500.png
Drone1	1770225018445	120.746	48.3493	-0.30891	0.435161	0	0	0.900352	img_Drone1__0_1770225019440252000.png
Drone1	1770225018505	120.746	48.3493	-0.30891	0.435161	0	0	0.900352	img_Drone1__0_1770225019498935600.png
Drone1	1770225018574	120.746	48.3493	-0.30891	0.435161	0	0	0.900352	img_Drone1__0_1770225019568784900.png
Drone1	1770225018640	120.746	48.3493	-0.30891	0.435161	0	0	0.900352	img_Drone1__0_1770225019635925000.png
Drone1	1770225018712	120.746	48.3493	-0.30891	0.435161	0	0	0.900352	img_Drone1__0_1770225019706601800.png
Drone1	1770225018775	120.746	48.3493	-0.30891	0.435161	0	0	0.900352	img_Drone1__0_1770225019768790500.png
Drone1	1770225018844	120.746	48.3493	-0.30891	0.435161	0	0	0.900352	img_Drone1__0_1770225019840850400.png
Drone1	1770225018904	120.746	48.3493	-0.30891	0.435161	0	0	0.900352	img_Drone1__0_1770225019902933700.png
